30
 5 8 0 | 3 7 4 | 9 1 2
 1 2 7 | 8 6 9 | 4 3 5
 4 3 9 | 1 5 2 | 8 6 7
-------+-------+-------
 7 5 8 | 9 3 6 | 2 4 1
 6 1 2 | 4 8 7 | 5 9 3
 9 4 3 | 2 1 5 | 7 8 6
-------+-------+-------
 3 7 5 | 6 4 8 | 1 2 9
 2 6 4 | 7 9 1 | 3 5 8
 8 9 1 | 5 2 3 | 6 7 4

 5 8 0 | 3 7 4 | 9 1 2
 1 2 7 | 8 6 9 | 4 3 5
 4 3 9 | 1 5 0 | 8 6 7
-------+-------+-------
 7 5 8 | 9 3 6 | 2 4 1
 6 1 2 | 4 8 7 | 5 9 3
 9 4 3 | 2 1 5 | 7 8 6
-------+-------+-------
 3 7 5 | 6 4 8 | 1 2 9
 2 6 4 | 7 9 1 | 3 5 8
 8 9 1 | 5 2 3 | 6 7 4

 5 8 0 | 3 7 4 | 9 1 2
 1 2 7 | 8 6 9 | 4 3 0
 4 3 9 | 1 5 0 | 8 6 7
-------+-------+-------
 7 5 8 | 9 3 6 | 2 4 1
 6 1 2 | 4 8 7 | 5 9 3
 9 4 3 | 2 1 5 | 7 8 6
-------+-------+-------
 3 7 5 | 6 4 8 | 1 2 9
 2 6 4 | 7 9 1 | 3 5 8
 8 9 1 | 5 2 3 | 6 7 4

 5 8 0 | 3 7 4 | 9 1 2
 1 2 7 | 8 6 9 | 4 3 0
 4 3 9 | 1 5 0 | 8 6 7
-------+-------+-------
 7 5 8 | 9 3 6 | 2 4 1
 6 1 2 | 4 8 7 | 5 9 3
 9 0 3 | 2 1 5 | 7 8 6
-------+-------+-------
 3 7 5 | 6 4 8 | 1 2 9
 2 6 4 | 7 9 1 | 3 5 8
 8 9 1 | 5 2 3 | 6 7 4

 5 8 0 | 3 7 4 | 9 1 2
 1 2 7 | 8 6 9 | 4 3 0
 4 3 9 | 1 5 0 | 8 6 7
-------+-------+-------
 7 5 8 | 9 0 6 | 2 4 1
 6 1 2 | 4 8 7 | 5 9 3
 9 0 3 | 2 1 5 | 7 8 6
-------+-------+-------
 3 7 5 | 6 4 8 | 1 2 9
 2 6 4 | 7 9 1 | 3 5 8
 8 9 1 | 5 2 3 | 6 7 4

 5 8 0 | 3 7 4 | 9 1 2
 1 2 7 | 8 6 9 | 4 3 0
 4 3 9 | 1 5 0 | 8 6 7
-------+-------+-------
 7 5 8 | 9 0 6 | 2 4 1
 6 1 2 | 4 8 7 | 0 9 3
 9 0 3 | 2 1 5 | 7 8 6
-------+-------+-------
 3 7 5 | 6 4 8 | 1 2 9
 2 6 4 | 7 9 1 | 3 5 8
 8 9 1 | 5 2 3 | 6 7 4

 5 8 0 | 3 7 4 | 9 1 2
 1 2 7 | 8 6 9 | 4 3 0
 4 3 9 | 1 5 0 | 8 6 7
-------+-------+-------
 7 5 8 | 9 0 6 | 2 4 1
 6 1 2 | 4 8 7 | 0 9 3
 9 0 3 | 2 1 5 | 7 8 6
-------+-------+-------
 3 7 5 | 6 4 8 | 1 2 9
 0 6 4 | 7 9 1 | 3 5 8
 8 9 1 | 5 2 3 | 6 7 4

 5 8 0 | 3 7 4 | 9 1 2
 1 2 7 | 8 6 9 | 4 3 0
 4 3 9 | 1 5 0 | 8 6 7
-------+-------+-------
 7 5 8 | 9 0 6 | 2 4 1
 6 1 2 | 4 8 7 | 0 9 3
 9 0 3 | 2 1 5 | 7 8 6
-------+-------+-------
 3 7 5 | 0 4 8 | 1 2 9
 0 6 4 | 7 9 1 | 3 5 8
 8 9 1 | 5 2 3 | 6 7 4

 5 8 0 | 3 7 4 | 9 1 2
 1 2 7 | 8 6 9 | 4 3 0
 4 3 9 | 1 5 0 | 8 6 7
-------+-------+-------
 7 5 8 | 9 0 6 | 2 4 1
 6 1 2 | 4 8 7 | 0 9 3
 9 0 3 | 2 1 5 | 7 8 6
-------+-------+-------
 3 7 5 | 0 4 8 | 1 2 9
 0 6 4 | 7 9 1 | 3 5 8
 8 9 1 | 5 2 3 | 6 0 4

 5 8 0 | 3 7 4 | 9 1 2
 1 0 7 | 8 6 9 | 4 3 0
 4 3 9 | 1 5 0 | 8 6 7
-------+-------+-------
 7 5 8 | 9 0 6 | 2 4 1
 6 1 2 | 4 8 7 | 0 9 3
 9 0 3 | 2 1 5 | 7 8 6
-------+-------+-------
 3 7 5 | 0 4 8 | 1 2 9
 0 6 4 | 7 9 1 | 3 5 8
 8 9 1 | 5 2 3 | 6 0 4

 5 8 0 | 3 7 4 | 9 1 2
 1 0 7 | 8 6 9 | 4 3 0
 4 3 9 | 0 5 0 | 8 6 7
-------+-------+-------
 7 5 8 | 9 0 6 | 2 4 1
 6 1 2 | 4 8 7 | 0 9 3
 9 0 3 | 2 1 5 | 7 8 6
-------+-------+-------
 3 7 5 | 0 4 8 | 1 2 9
 0 6 4 | 7 9 1 | 3 5 8
 8 9 1 | 5 2 3 | 6 0 4

 5 8 0 | 3 7 4 | 9 0 2
 1 0 7 | 8 6 9 | 4 3 0
 4 3 9 | 0 5 0 | 8 6 7
-------+-------+-------
 7 5 8 | 9 0 6 | 2 4 1
 6 1 2 | 4 8 7 | 0 9 3
 9 0 3 | 2 1 5 | 7 8 6
-------+-------+-------
 3 7 5 | 0 4 8 | 1 2 9
 0 6 4 | 7 9 1 | 3 5 8
 8 9 1 | 5 2 3 | 6 0 4

 5 8 0 | 3 7 4 | 9 0 2
 1 0 7 | 8 6 9 | 4 3 0
 4 3 9 | 0 5 0 | 8 6 7
-------+-------+-------
 7 5 8 | 9 0 6 | 2 4 1
 6 1 2 | 4 8 7 | 0 9 3
 9 0 0 | 2 1 5 | 7 8 6
-------+-------+-------
 3 7 5 | 0 4 8 | 1 2 9
 0 6 4 | 7 9 1 | 3 5 8
 8 9 1 | 5 2 3 | 6 0 4

 5 8 0 | 3 7 4 | 9 0 2
 1 0 7 | 8 6 9 | 4 3 0
 4 3 9 | 0 5 0 | 8 6 7
-------+-------+-------
 7 5 8 | 9 0 0 | 2 4 1
 6 1 2 | 4 8 7 | 0 9 3
 9 0 0 | 2 1 5 | 7 8 6
-------+-------+-------
 3 7 5 | 0 4 8 | 1 2 9
 0 6 4 | 7 9 1 | 3 5 8
 8 9 1 | 5 2 3 | 6 0 4

 5 8 0 | 3 7 4 | 9 0 2
 1 0 7 | 8 6 9 | 4 3 0
 4 3 9 | 0 5 0 | 8 6 7
-------+-------+-------
 7 5 8 | 9 0 0 | 2 4 1
 6 1 2 | 4 8 7 | 0 9 0
 9 0 0 | 2 1 5 | 7 8 6
-------+-------+-------
 3 7 5 | 0 4 8 | 1 2 9
 0 6 4 | 7 9 1 | 3 5 8
 8 9 1 | 5 2 3 | 6 0 4

 5 8 0 | 3 7 4 | 9 0 2
 1 0 7 | 8 6 9 | 4 3 0
 4 3 9 | 0 5 0 | 8 6 7
-------+-------+-------
 7 5 8 | 9 0 0 | 2 4 1
 6 1 2 | 4 8 7 | 0 9 0
 9 0 0 | 2 1 5 | 7 8 6
-------+-------+-------
 3 7 5 | 0 4 8 | 1 2 9
 0 6 4 | 7 9 1 | 3 5 8
 0 9 1 | 5 2 3 | 6 0 4

 5 8 0 | 3 7 4 | 9 0 2
 1 0 7 | 8 6 9 | 4 3 0
 4 3 9 | 0 5 0 | 8 6 7
-------+-------+-------
 7 5 8 | 9 0 0 | 2 4 1
 6 1 2 | 4 8 7 | 0 9 0
 9 0 0 | 2 1 5 | 7 8 6
-------+-------+-------
 3 7 5 | 0 4 8 | 1 2 9
 0 6 4 | 7 0 1 | 3 5 8
 0 9 1 | 5 2 3 | 6 0 4

 5 8 0 | 3 7 4 | 9 0 2
 1 0 7 | 8 6 9 | 4 3 0
 4 3 9 | 0 5 0 | 8 6 7
-------+-------+-------
 7 5 8 | 9 0 0 | 2 4 1
 6 1 2 | 4 8 7 | 0 9 0
 9 0 0 | 2 1 5 | 7 8 6
-------+-------+-------
 3 7 5 | 0 4 8 | 0 2 9
 0 6 4 | 7 0 1 | 3 5 8
 0 9 1 | 5 2 3 | 6 0 4

 5 8 0 | 3 7 4 | 9 0 2
 1 0 0 | 8 6 9 | 4 3 0
 4 3 9 | 0 5 0 | 8 6 7
-------+-------+-------
 7 5 8 | 9 0 0 | 2 4 1
 6 1 2 | 4 8 7 | 0 9 0
 9 0 0 | 2 1 5 | 7 8 6
-------+-------+-------
 3 7 5 | 0 4 8 | 0 2 9
 0 6 4 | 7 0 1 | 3 5 8
 0 9 1 | 5 2 3 | 6 0 4

 5 8 0 | 3 7 4 | 9 0 2
 1 0 0 | 8 6 9 | 4 3 0
 4 3 9 | 0 0 0 | 8 6 7
-------+-------+-------
 7 5 8 | 9 0 0 | 2 4 1
 6 1 2 | 4 8 7 | 0 9 0
 9 0 0 | 2 1 5 | 7 8 6
-------+-------+-------
 3 7 5 | 0 4 8 | 0 2 9
 0 6 4 | 7 0 1 | 3 5 8
 0 9 1 | 5 2 3 | 6 0 4

 5 8 0 | 3 7 4 | 0 0 2
 1 0 0 | 8 6 9 | 4 3 0
 4 3 9 | 0 0 0 | 8 6 7
-------+-------+-------
 7 5 8 | 9 0 0 | 2 4 1
 6 1 2 | 4 8 7 | 0 9 0
 9 0 0 | 2 1 5 | 7 8 6
-------+-------+-------
 3 7 5 | 0 4 8 | 0 2 9
 0 6 4 | 7 0 1 | 3 5 8
 0 9 1 | 5 2 3 | 6 0 4

 5 8 0 | 3 7 4 | 0 0 2
 1 0 0 | 8 6 9 | 4 3 0
 4 3 9 | 0 0 0 | 8 6 7
-------+-------+-------
 7 5 8 | 9 0 0 | 2 4 1
 6 1 2 | 4 8 7 | 0 9 0
 0 0 0 | 2 1 5 | 7 8 6
-------+-------+-------
 3 7 5 | 0 4 8 | 0 2 9
 0 6 4 | 7 0 1 | 3 5 8
 0 9 1 | 5 2 3 | 6 0 4

 5 8 0 | 3 7 4 | 0 0 2
 1 0 0 | 8 6 9 | 4 3 0
 4 3 9 | 0 0 0 | 8 6 7
-------+-------+-------
 7 5 8 | 0 0 0 | 2 4 1
 6 1 2 | 4 8 7 | 0 9 0
 0 0 0 | 2 1 5 | 7 8 6
-------+-------+-------
 3 7 5 | 0 4 8 | 0 2 9
 0 6 4 | 7 0 1 | 3 5 8
 0 9 1 | 5 2 3 | 6 0 4

 5 8 0 | 3 7 4 | 0 0 2
 1 0 0 | 8 6 9 | 4 3 0
 4 3 9 | 0 0 0 | 8 6 7
-------+-------+-------
 7 5 8 | 0 0 0 | 2 4 1
 6 1 2 | 4 8 7 | 0 0 0
 0 0 0 | 2 1 5 | 7 8 6
-------+-------+-------
 3 7 5 | 0 4 8 | 0 2 9
 0 6 4 | 7 0 1 | 3 5 8
 0 9 1 | 5 2 3 | 6 0 4

 5 8 0 | 3 7 4 | 0 0 2
 1 0 0 | 8 6 9 | 4 3 0
 4 3 9 | 0 0 0 | 8 6 7
-------+-------+-------
 7 5 8 | 0 0 0 | 2 4 1
 6 1 2 | 4 8 7 | 0 0 0
 0 0 0 | 2 1 5 | 7 8 6
-------+-------+-------
 3 0 5 | 0 4 8 | 0 2 9
 0 6 4 | 7 0 1 | 3 5 8
 0 9 1 | 5 2 3 | 6 0 4

 5 8 0 | 3 7 4 | 0 0 2
 1 0 0 | 8 6 9 | 4 3 0
 4 3 9 | 0 0 0 | 8 6 7
-------+-------+-------
 7 5 8 | 0 0 0 | 2 4 1
 6 1 2 | 4 8 7 | 0 0 0
 0 0 0 | 2 1 5 | 7 8 6
-------+-------+-------
 3 0 5 | 0 4 8 | 0 2 9
 0 6 4 | 7 0 1 | 3 5 8
 0 9 1 | 5 2 0 | 6 0 4

 5 8 0 | 3 7 4 | 0 0 2
 1 0 0 | 8 6 9 | 4 3 0
 4 3 9 | 0 0 0 | 8 6 7
-------+-------+-------
 7 5 8 | 0 0 0 | 2 4 1
 6 1 2 | 4 8 7 | 0 0 0
 0 0 0 | 2 1 5 | 7 8 6
-------+-------+-------
 3 0 5 | 0 4 8 | 0 2 9
 0 6 4 | 7 0 1 | 3 5 0
 0 9 1 | 5 2 0 | 6 0 4

 5 8 0 | 3 7 4 | 0 0 2
 1 0 0 | 8 6 9 | 4 3 0
 4 3 9 | 0 0 0 | 8 6 7
-------+-------+-------
 7 5 0 | 0 0 0 | 2 4 1
 6 1 2 | 4 8 7 | 0 0 0
 0 0 0 | 2 1 5 | 7 8 6
-------+-------+-------
 3 0 5 | 0 4 8 | 0 2 9
 0 6 4 | 7 0 1 | 3 5 0
 0 9 1 | 5 2 0 | 6 0 4

 5 8 0 | 3 7 4 | 0 0 0
 1 0 0 | 8 6 9 | 4 3 0
 4 3 9 | 0 0 0 | 8 6 7
-------+-------+-------
 7 5 0 | 0 0 0 | 2 4 1
 6 1 2 | 4 8 7 | 0 0 0
 0 0 0 | 2 1 5 | 7 8 6
-------+-------+-------
 3 0 5 | 0 4 8 | 0 2 9
 0 6 4 | 7 0 1 | 3 5 0
 0 9 1 | 5 2 0 | 6 0 4

 5 8 0 | 3 7 4 | 0 0 0
 1 0 0 | 8 6 9 | 4 3 0
 4 3 9 | 0 0 0 | 8 6 7
-------+-------+-------
 0 5 0 | 0 0 0 | 2 4 1
 6 1 2 | 4 8 7 | 0 0 0
 0 0 0 | 2 1 5 | 7 8 6
-------+-------+-------
 3 0 5 | 0 4 8 | 0 2 9
 0 6 4 | 7 0 1 | 3 5 0
 0 9 1 | 5 2 0 | 6 0 4

